111110000
000100111
111110100
111111010
111011011
111111100
111111100
111110111
000001000
111101100
111011100
111111011
111001011
000000011
111100000
111110011
000010000
000100100
000000110
000001001
000010100
111101110
111111110
000011001
111111000
111011101
000001000
111101001
000000100
111111010
000000100
000010001
111111000
000001000
000010010
000010010
111101010
000100101
000110011
111010011
000100000
111111010
111110001
111100110
111011111
111111010
111110100
111101111
000001000
000001100
000000011
000000101
111110101
111100010
000000011
111010000
111100000
111110000
111110111
111101111
000000000
111111100
000010100
111111111
111101000
000100010
111111011
000000111
111100100
000000110
111010101
111110111
111101000
111111100
111110110
000011011
111010100
111011101
000001111
000010001
000001000
111011000
000010000
000000101
111111011
111100010
000001000
000000111
000001000
000101101
111111110
000001111
111101011
111010101
000010010
111111001