111011000
000001110
000001101
111111111
000001000
111110101
000111000
111100100
111110000
111110010
111110111
111101110
001001010
000010011
111101110
111101001
111101000
000001100
111111110
111110010
111100111
111111000
000001001
111100001
111110000
000001010
111111101
111110111
111100101
111100111
000001111
111111001
000001000
000010101
111100010
000010010
000001101
111110101
111111101
000100101
000010000
111101100
111110001
111101010
000001101
000101100
000100101
111101010
111101000
111101100
000100011
111111010
000000010
000011100
111111011
000011101
111100000
000000100
111100111
000101001
000000010
000001111
000000001
111110010
111111000
000000001
111111110
111100110
111001110
111111001
000100101
000001011
000101000
111110111
000011000
000000010
000000100
000000110
111111010
000000100
111011000
111110001
000000110
111011010
000010001
111111011
111010101
111110010
000001000
111011110
000000011
000000101
000011011
111111010
111101010
111110100